P(IY) = 0.0297619047619
P(#) = 0.142857142857
P(AE) = 0.0357142857143
P(D) = 0.0297619047619
P(IH) = 0.0416666666667
P(AH) = 0.142857142857
P(K) = 0.0357142857143
P(M) = 0.077380952381
P(S) = 0.0357142857143
P(N) = 0.0714285714286
P(P) = 0.0535714285714
P(HH) = 0.0357142857143
P(SH) = 0.0238095238095
P(EY) = 0.0357142857143
P(T) = 0.0238095238095
P(L) = 0.0416666666667
Perplexity is 2.99227962135
P(IY) = 0.0297619047619
P(#) = 0.142857142857
P(AE) = 0.0357142857143
P(D) = 0.0297619047619
P(IH) = 0.0416666666667
P(AH) = 0.142857142857
P(K) = 0.0357142857143
P(M) = 0.077380952381
P(S) = 0.0357142857143
P(N) = 0.0714285714286
P(P) = 0.0535714285714
P(HH) = 0.0357142857143
P(SH) = 0.0238095238095
P(EY) = 0.0357142857143
P(T) = 0.0238095238095
P(L) = 0.0416666666667
Perplexity is 2.99227962135