P(AXR) = 0.0137807600174
P(IY) = 0.022709331446
P(AW) = 0.0057981271777
P(DH) = 0.0298957425958
P(DD) = 0.0308552918118
P(Y) = 0.00675767639373
P(HH) = 0.0229951546167
P(CH) = 0.00381778092334
P(JH) = 0.00257921385017
P(DX) = 0.00490663109756
P(TH) = 0.00321210801394
P(ZH) = 0.000244991289199
P(EH) = 0.0240703941638
P(#) = 0.237757240854
P(TS) = 0.00172174433798
P(NG) = 0.00911912020906
P(SH) = 0.00392666594077
P(PD) = 0.00302836454704
P(TD) = 0.0270851480836
P(BD) = 0.000190548780488
P(AA) = 0.0143115744774
P(IX) = 0.0128552373693
P(B) = 0.013671875
P(AE) = 0.0319985844948
P(D) = 0.0102147756969
P(G) = 0.0075062608885
P(F) = 0.0164008057491
P(AH) = 0.0371706228223
P(K) = 0.0140257513066
P(M) = 0.0219335256969
P(L) = 0.0273233340592
P(AO) = 0.012181511324
P(N) = 0.0526595165505
P(P) = 0.00956827090592
P(S) = 0.0314065222125
P(R) = 0.028453016115
P(EY) = 0.0117799978223
P(T) = 0.0215660387631
P(W) = 0.0211985518293
P(V) = 0.0127599629791
P(AY) = 0.0148287783101
P(AX) = 0.0391441637631
P(Z) = 0.0194836128049
P(ER) = 0.00366806402439
P(IH) = 0.0268673780488
P(UW) = 0.0103304660279
P(KD) = 0.00576410060976
P(GD) = 0.00110926611498
P(UH) = 0.00482496733449
P(OY) = 0.000775805749129
P(OW) = 0.00975881968641
Perplexity is 83.2449597829P(AXR) = 0.0137807600174
P(IY) = 0.022709331446
P(AW) = 0.0057981271777
P(DH) = 0.0298957425958
P(DD) = 0.0308552918118
P(Y) = 0.00675767639373
P(HH) = 0.0229951546167
P(CH) = 0.00381778092334
P(JH) = 0.00257921385017
P(DX) = 0.00490663109756
P(TH) = 0.00321210801394
P(ZH) = 0.000244991289199
P(EH) = 0.0240703941638
P(#) = 0.237757240854
P(TS) = 0.00172174433798
P(NG) = 0.00911912020906
P(SH) = 0.00392666594077
P(PD) = 0.00302836454704
P(TD) = 0.0270851480836
P(BD) = 0.000190548780488
P(AA) = 0.0143115744774
P(IX) = 0.0128552373693
P(B) = 0.013671875
P(AE) = 0.0319985844948
P(D) = 0.0102147756969
P(G) = 0.0075062608885
P(F) = 0.0164008057491
P(AH) = 0.0371706228223
P(K) = 0.0140257513066
P(M) = 0.0219335256969
P(L) = 0.0273233340592
P(AO) = 0.012181511324
P(N) = 0.0526595165505
P(P) = 0.00956827090592
P(S) = 0.0314065222125
P(R) = 0.028453016115
P(EY) = 0.0117799978223
P(T) = 0.0215660387631
P(W) = 0.0211985518293
P(V) = 0.0127599629791
P(AY) = 0.0148287783101
P(AX) = 0.0391441637631
P(Z) = 0.0194836128049
P(ER) = 0.00366806402439
P(IH) = 0.0268673780488
P(UW) = 0.0103304660279
P(KD) = 0.00576410060976
P(GD) = 0.00110926611498
P(UH) = 0.00482496733449
P(OY) = 0.000775805749129
P(OW) = 0.00975881968641
Perplexity is 83.2449597829